ssA = [...
0	0	0	0	1	0	0	0	0	0	0	0	0	0	0	0	0	0	0	0	0	0	0	0	0	0	0	0	0	0	0	0	0	0	0	0	0	0	0	0	0	0	0	0	0	0	0	0	0	0;...
0	0	0	0	0	1	0	0	0	0	0	0	0	0	0	0	0	0	0	0	0	0	0	0	0	0	0	0	0	0	0	0	0	0	0	0	0	0	0	0	0	0	0	0	0	0	0	0	0	0;...
0	0	0	0	0	0	1	0	0	0	0	0	0	0	0	0	0	0	0	0	0	0	0	0	0	0	0	0	0	0	0	0	0	0	0	0	0	0	0	0	0	0	0	0	0	0	0	0	0	0;...
0	0	0	0	0	0	0	1	0	0	0	0	0	0	0	0	0	0	0	0	0	0	0	0	0	0	0	0	0	0	0	0	0	0	0	0	0	0	0	0	0	0	0	0	0	0	0	0	0	0;...
0	0	0	0	0	0	0	0	0	0	0	0	0	0	0	0	0	0	0	0	0	0	0	0	0	0	0	0	0	0	0	0	0	0	0	0	0	0	0	0	0	0	0	0	0	0	0	0	0	0;...
0	0	0	0	0	0	0	0	0	0	0	0	0	0	0	0	0	0	0	0	0	0	0	0	0	0	0	0	0	0	0	0	0	0	0	0	0	0	0	0	0	0	0	0	0	0	0	0	0	0;...
0	0	0	0	0	0	0	0	0	0	0	0	0	0	0	0	0	0	0	0	0	0	0	0	0	0	0	0	0	0	0	0	0	0	0	0	0	0	0	0	0	0	0	0	0	0	0	0	0	0;...
0	0	0	0	0	0	0	0	0	0	0	0	0	0	0	0	0	0	0	0	0	0	0	0	0	0	0	0	0	0	0	0	0	0	0	0	0	0	0	0	0	0	0	0	0	0	0	0	0	0;...
0	0	0	0	0	0	0	0	0	0	0	0	0	0	0	0	0	0	0	0	0	0	0	0	0	0	0	0	0	1	0	0	0	0	0	0	0	0	0	0	0	0	0	0	0	0	0	0	0	0;...
0	0	0	0	0	0	0	0	0	0	0	0	0	0	0	0	0	0	0	0	0	0	0	0	0	0	0	0	0	0	1	0	0	0	0	0	0	0	0	0	0	0	0	0	0	0	0	0	0	0;...
0	0	0	0	0	0	0	0	0	0	0	0	0	0	0	0	0	0	0	0	0	0	0	0	0	0	0	0	0	0	0	1	0	0	0	0	0	0	0	0	0	0	0	0	0	0	0	0	0	0;...
0	0	0	0	0	0	0	0	0	0	0	0	0	0	0	0	0	0	0	0	0	0	0	0	0	0	0	0	0	0	0	0	1	0	0	0	0	0	0	0	0	0	0	0	0	0	0	0	0	0;...
0	0	0	0	0	0	0	0	0	0	0	0	0	0	0	0	0	0	0	0	0	0	0	0	0	0	0	0	0	0	0	0	0	1	0	0	0	0	0	0	0	0	0	0	0	0	0	0	0	0;...
0	0	0	0	0	0	0	0	0	0	0	0	0	0	0	0	0	0	0	0	0	0	0	0	0	0	0	0	0	0	0	0	0	0	1	0	0	0	0	0	0	0	0	0	0	0	0	0	0	0;...
0	0	0	0	0	0	0	0	0	0	0	0	0	0	0	0	0	0	0	0	0	0	0	0	0	0	0	0	0	0	0	0	0	0	0	1	0	0	0	0	0	0	0	0	0	0	0	0	0	0;...
0	0	0	0	0	0	0	0	0	0	0	0	0	0	0	0	0	0	0	0	0	0	0	0	0	0	0	0	0	0	0	0	0	0	0	0	1	0	0	0	0	0	0	0	0	0	0	0	0	0;...
0	0	0	0	0	0	0	0	0	0	0	0	0	0	0	0	0	0	0	0	0	0	0	0	0	0	0	0	0	0	0	0	0	0	0	0	0	1	0	0	0	0	0	0	0	0	0	0	0	0;...
0	0	0	0	0	0	0	0	0	0	0	0	0	0	0	0	0	0	0	0	0	0	0	0	0	0	0	0	0	0	0	0	0	0	0	0	0	0	1	0	0	0	0	0	0	0	0	0	0	0;...
0	0	0	0	0	0	0	0	0	0	0	0	0	0	0	0	0	0	0	0	0	0	0	0	0	0	0	0	0	0	0	0	0	0	0	0	0	0	0	1	0	0	0	0	0	0	0	0	0	0;...
0	0	0	0	0	0	0	0	0	0	0	0	0	0	0	0	0	0	0	0	0	0	0	0	0	0	0	0	0	0	0	0	0	0	0	0	0	0	0	0	1	0	0	0	0	0	0	0	0	0;...
0	0	0	0	0	0	0	0	0	0	0	0	0	0	0	0	0	0	0	0	0	0	0	0	0	0	0	0	0	0	0	0	0	0	0	0	0	0	0	0	0	1	0	0	0	0	0	0	0	0;...
0	0	0	0	0	0	0	0	0	0	0	0	0	0	0	0	0	0	0	0	0	0	0	0	0	0	0	0	0	0	0	0	0	0	0	0	0	0	0	0	0	0	1	0	0	0	0	0	0	0;...
0	0	0	0	0	0	0	0	0	0	0	0	0	0	0	0	0	0	0	0	0	0	0	0	0	0	0	0	0	0	0	0	0	0	0	0	0	0	0	0	0	0	0	1	0	0	0	0	0	0;...
0	0	0	0	0	0	0	0	0	0	0	0	0	0	0	0	0	0	0	0	0	0	0	0	0	0	0	0	0	0	0	0	0	0	0	0	0	0	0	0	0	0	0	0	1	0	0	0	0	0;...
0	0	0	0	0	0	0	0	0	0	0	0	0	0	0	0	0	0	0	0	0	0	0	0	0	0	0	0	0	0	0	0	0	0	0	0	0	0	0	0	0	0	0	0	0	1	0	0	0	0;...
0	0	0	0	0	0	0	0	0	0	0	0	0	0	0	0	0	0	0	0	0	0	0	0	0	0	0	0	0	0	0	0	0	0	0	0	0	0	0	0	0	0	0	0	0	0	1	0	0	0;...
0	0	0	0	0	0	0	0	0	0	0	0	0	0	0	0	0	0	0	0	0	0	0	0	0	0	0	0	0	0	0	0	0	0	0	0	0	0	0	0	0	0	0	0	0	0	0	1	0	0;...
0	0	0	0	0	0	0	0	0	0	0	0	0	0	0	0	0	0	0	0	0	0	0	0	0	0	0	0	0	0	0	0	0	0	0	0	0	0	0	0	0	0	0	0	0	0	0	0	1	0;...
0	0	0	0	0	0	0	0	0	0	0	0	0	0	0	0	0	0	0	0	0	0	0	0	0	0	0	0	0	0	0	0	0	0	0	0	0	0	0	0	0	0	0	0	0	0	0	0	0	1;...
0.22784810126582278	21.99614812428573	0.	0.	0.	0.	0.	0.	-5.927263087437104	0.3458979024623888	0.0025945637537743717	5.353517083708892	0.09343939852688127	0.	0.	0.	0.	0.	0.	0.	0.	0.	0.	0.	0.	0.	0.	0.	0.	-0.24184861644522276	2.300427382916741e-8	1.7255396645704755e-10	4.6906211344983385e-6	8.186932266616727e-8	0.	0.	0.	0.	0.	0.	0.	0.	0.	0.	0.	0.	0.	0.	0.	0.;...
0.	-0.040994107309635076	0.	0.	0.	0.	0.	0.	5.465186858905743	-5.465186858905743	-0.040994107309635076	0.	0.	0.	0.	0.	0.	0.	0.	0.	0.	0.	0.	0.	0.	0.	0.	0.	0.	7.269350530016903e-6	-0.6000003634675265	0.0059999972736473305	0.6	0.12	0.	0.	0.	0.	0.	0.	0.	0.	0.	0.	0.	0.	0.	0.	0.	0.;...
0.	4027.6757931825946	0.	0.	0.	0.	0.	0.	0.9460178609915787	-0.9460178609915787	-4029.388085510989	0.	0.	0.	0.	0.	0.	0.	0.	0.	0.	0.	0.	0.	0.	0.	0.	0.	0.	1.2583166169329312e-6	0.1384614755457076	-2.1168503095561477	-0.13846153846153844	1.8953846153846152	0.	0.	0.	0.	0.	0.	0.	0.	0.	0.	0.	0.	0.	0.	0.	0.;...
0.	2.6240924260370213	0.	0.	0.	0.	0.	0.	24.399683631519377	0.	0.	-44.40967449830849	-0.10144459817486595	20.009990866789117	0.324423429726254	0.	0.	0.	0.	0.	0.	0.	0.	0.	0.	0.	0.	0.	0.	0.0004275681572600409	0.17307692307692307	-0.0017307692307692308	-0.17311405973765903	-0.03461550226087277	0.000015758252872946907	2.5548969400181336e-7	0.	0.	0.	0.	0.	0.	0.	0.	0.	0.	0.	0.	0.	0.;...
0.	1.0825566492053664	0.	0.	0.	0.	0.	0.	10.065971568577664	0.	0.	-2.3977814114059224	-40.15160817772578	-7.668190157171742	-0.12432492184250318	0.	0.	0.	0.	0.	0.	0.	0.	0.	0.	0.	0.	0.	0.	0.00017639117701710583	0.8181818181818181	0.5599999999999999	-0.8181845988933562	-0.738171239023385	-6.038847312774653e-6	-9.790826841681102e-8	0.	0.	0.	0.	0.	0.	0.	0.	0.	0.	0.	0.	0.	0.;...
0.	0.	0.	0.	0.	0.	0.	0.	0.	0.	0.	23.122656112734088	-0.37488929657284076	-41.861064152837635	-0.09523492683519738	18.738408040103543	0.27965436973745145	0.	0.	0.	0.	0.	0.	0.	0.	0.	0.	0.	0.	0.	0.	0.	0.000018209536653183092	-2.952325352912053e-7	-0.000031264973140390276	-1.0039155121900331e-7	0.000013055436487207184	1.9484098407204276e-7	0.	0.	0.	0.	0.	0.	0.	0.	0.	0.	0.	0.;...
0.	0.	0.	0.	0.	0.	0.	0.	0.	0.	0.	8.435009172882603	-0.1367574140267535	-2.142785853791941	-33.36215396414343	-6.292223319090662	-0.09390593602090601	0.	0.	0.	0.	0.	0.	0.	0.	0.	0.	0.	0.	0.	0.	0.	6.642732044047146e-6	-1.076990952584921e-7	-2.258809902427574e-6	-0.005273213628539304	-4.383922141619573e-6	-6.542620807855486e-8	0.	0.	0.	0.	0.	0.	0.	0.	0.	0.	0.	0.;...
0.	0.	0.	0.	0.	0.	0.	0.	0.	0.	0.	0.	0.	19.38456004148642	-0.28929762386623736	-33.74540747066856	-0.09214101544187346	14.360847429182138	0.19715660842411947	0.	0.	0.	0.	0.	0.	0.	0.	0.	0.	0.	0.	0.	0.	0.	0.000013505623952283294	-2.0155963869515274e-7	-0.00002192447103865553	-8.597931890013412e-8	8.418847086372238e-6	1.1558031979488547e-7	0.	0.	0.	0.	0.	0.	0.	0.	0.	0.;...
0.	0.	0.	0.	0.	0.	0.	0.	0.	0.	0.	0.	0.	6.292223319092657	-0.09390593602090601	-2.004067085860748	-24.41846069662388	-4.288156233231909	-0.05887106199727234	0.	0.	0.	0.	0.	0.	0.	0.	0.	0.	0.	0.	0.	0.	0.	4.383922141620962e-6	-6.542620807855486e-8	-1.8700501860779173e-6	-0.003862103446686517	-2.513871955543045e-6	-3.451234136505285e-8	0.	0.	0.	0.	0.	0.	0.	0.	0.	0.;...
0.	0.	0.	0.	0.	0.	0.	0.	0.	0.	0.	0.	0.	0.	0.	14.873734837367214	-0.20419791586818614	-22.357100431617155	-0.11404196248591268	7.483365594249943	0.09015595338168891	0.	0.	0.	0.	0.	0.	0.	0.	0.	0.	0.	0.	0.	0.	0.	8.719520196599816e-6	-1.197081883591926e-7	-8.731933991807492e-6	-1.1955863298474677e-7	1.2413795207673795e-8	1.4955537424134721e-10	0.	0.	0.	0.	0.	0.	0.	0.;...
0.	0.	0.	0.	0.	0.	0.	0.	0.	0.	0.	0.	0.	0.	0.	4.288156233224599	-0.05887106199727234	-2.3948812122041665	-16.564664680410566	-1.893275021020432	-0.022809257730905027	0.	0.	0.	0.	0.	0.	0.	0.	0.	0.	0.	0.	0.	0.	0.	2.513871955538759e-6	-3.451234136505285e-8	-2.5107312926796825e-6	-0.0016127268289027744	-3.140662859076528e-9	-3.783718044299095e-11	0.	0.	0.	0.	0.	0.	0.	0.;...
0.	0.	0.	0.	0.	0.	0.	0.	0.	0.	0.	0.	0.	0.	0.	0.	0.	10.221182275073094	-0.12313983876555658	-83.12573676042732	2.6321034902949805	43.250860561233566	2.381342843950505	29.65369392412066	-0.5898445674241473	0.	0.	0.	0.	0.	0.	0.	0.	0.	0.	0.	0.	0.	1.6955427600725185e-8	-2.04270755061888e-10	-1.0236360162428607e-6	3.7186477469587287e-8	5.818054042492268e-7	3.2033539171298076e-8	4.2487518439290865e-7	-1.690246887883608e-8	0.	0.	0.	0.;...
0.	0.	0.	0.	0.	0.	0.	0.	0.	0.	0.	0.	0.	0.	0.	0.	0.	3.1554583683591124	-0.03801542955150838	67.44765193880886	-3193.056959792563	-61.021910376231695	3153.9408203655325	-9.581199930936291	0.19058059825964738	0.	0.	0.	0.	0.	0.	0.	0.	0.	0.	0.	0.	0.	5.234438098447153e-9	-6.306196740498492e-11	9.52903485158174e-7	-0.0025382009541132446	-8.208594412645133e-7	0.002512454804419357	-1.37278481992108e-7	5.461239806040769e-9	0.	0.	0.	0.;...
