ssA = [...
0	0	0	0	1	0	0	0	0	0	0	0	0	0	0	0	0	0	0	0	0	0	0	0	0	0	0	0	0	0	0	0	0	0	0	0	0	0	0	0	0	0	0	0	0	0	0	0	0	0;...
0	0	0	0	0	1	0	0	0	0	0	0	0	0	0	0	0	0	0	0	0	0	0	0	0	0	0	0	0	0	0	0	0	0	0	0	0	0	0	0	0	0	0	0	0	0	0	0	0	0;...
0	0	0	0	0	0	1	0	0	0	0	0	0	0	0	0	0	0	0	0	0	0	0	0	0	0	0	0	0	0	0	0	0	0	0	0	0	0	0	0	0	0	0	0	0	0	0	0	0	0;...
0	0	0	0	0	0	0	1	0	0	0	0	0	0	0	0	0	0	0	0	0	0	0	0	0	0	0	0	0	0	0	0	0	0	0	0	0	0	0	0	0	0	0	0	0	0	0	0	0	0;...
0	0	0	0	0	0	0	0	0	0	0	0	0	0	0	0	0	0	0	0	0	0	0	0	0	0	0	0	0	0	0	0	0	0	0	0	0	0	0	0	0	0	0	0	0	0	0	0	0	0;...
0	0	0	0	0	0	0	0	0	0	0	0	0	0	0	0	0	0	0	0	0	0	0	0	0	0	0	0	0	0	0	0	0	0	0	0	0	0	0	0	0	0	0	0	0	0	0	0	0	0;...
0	0	0	0	0	0	0	0	0	0	0	0	0	0	0	0	0	0	0	0	0	0	0	0	0	0	0	0	0	0	0	0	0	0	0	0	0	0	0	0	0	0	0	0	0	0	0	0	0	0;...
0	0	0	0	0	0	0	0	0	0	0	0	0	0	0	0	0	0	0	0	0	0	0	0	0	0	0	0	0	0	0	0	0	0	0	0	0	0	0	0	0	0	0	0	0	0	0	0	0	0;...
0	0	0	0	0	0	0	0	0	0	0	0	0	0	0	0	0	0	0	0	0	0	0	0	0	0	0	0	0	1	0	0	0	0	0	0	0	0	0	0	0	0	0	0	0	0	0	0	0	0;...
0	0	0	0	0	0	0	0	0	0	0	0	0	0	0	0	0	0	0	0	0	0	0	0	0	0	0	0	0	0	1	0	0	0	0	0	0	0	0	0	0	0	0	0	0	0	0	0	0	0;...
0	0	0	0	0	0	0	0	0	0	0	0	0	0	0	0	0	0	0	0	0	0	0	0	0	0	0	0	0	0	0	1	0	0	0	0	0	0	0	0	0	0	0	0	0	0	0	0	0	0;...
0	0	0	0	0	0	0	0	0	0	0	0	0	0	0	0	0	0	0	0	0	0	0	0	0	0	0	0	0	0	0	0	1	0	0	0	0	0	0	0	0	0	0	0	0	0	0	0	0	0;...
0	0	0	0	0	0	0	0	0	0	0	0	0	0	0	0	0	0	0	0	0	0	0	0	0	0	0	0	0	0	0	0	0	1	0	0	0	0	0	0	0	0	0	0	0	0	0	0	0	0;...
0	0	0	0	0	0	0	0	0	0	0	0	0	0	0	0	0	0	0	0	0	0	0	0	0	0	0	0	0	0	0	0	0	0	1	0	0	0	0	0	0	0	0	0	0	0	0	0	0	0;...
0	0	0	0	0	0	0	0	0	0	0	0	0	0	0	0	0	0	0	0	0	0	0	0	0	0	0	0	0	0	0	0	0	0	0	1	0	0	0	0	0	0	0	0	0	0	0	0	0	0;...
0	0	0	0	0	0	0	0	0	0	0	0	0	0	0	0	0	0	0	0	0	0	0	0	0	0	0	0	0	0	0	0	0	0	0	0	1	0	0	0	0	0	0	0	0	0	0	0	0	0;...
0	0	0	0	0	0	0	0	0	0	0	0	0	0	0	0	0	0	0	0	0	0	0	0	0	0	0	0	0	0	0	0	0	0	0	0	0	1	0	0	0	0	0	0	0	0	0	0	0	0;...
0	0	0	0	0	0	0	0	0	0	0	0	0	0	0	0	0	0	0	0	0	0	0	0	0	0	0	0	0	0	0	0	0	0	0	0	0	0	1	0	0	0	0	0	0	0	0	0	0	0;...
0	0	0	0	0	0	0	0	0	0	0	0	0	0	0	0	0	0	0	0	0	0	0	0	0	0	0	0	0	0	0	0	0	0	0	0	0	0	0	1	0	0	0	0	0	0	0	0	0	0;...
0	0	0	0	0	0	0	0	0	0	0	0	0	0	0	0	0	0	0	0	0	0	0	0	0	0	0	0	0	0	0	0	0	0	0	0	0	0	0	0	1	0	0	0	0	0	0	0	0	0;...
0	0	0	0	0	0	0	0	0	0	0	0	0	0	0	0	0	0	0	0	0	0	0	0	0	0	0	0	0	0	0	0	0	0	0	0	0	0	0	0	0	1	0	0	0	0	0	0	0	0;...
0	0	0	0	0	0	0	0	0	0	0	0	0	0	0	0	0	0	0	0	0	0	0	0	0	0	0	0	0	0	0	0	0	0	0	0	0	0	0	0	0	0	1	0	0	0	0	0	0	0;...
0	0	0	0	0	0	0	0	0	0	0	0	0	0	0	0	0	0	0	0	0	0	0	0	0	0	0	0	0	0	0	0	0	0	0	0	0	0	0	0	0	0	0	1	0	0	0	0	0	0;...
0	0	0	0	0	0	0	0	0	0	0	0	0	0	0	0	0	0	0	0	0	0	0	0	0	0	0	0	0	0	0	0	0	0	0	0	0	0	0	0	0	0	0	0	1	0	0	0	0	0;...
0	0	0	0	0	0	0	0	0	0	0	0	0	0	0	0	0	0	0	0	0	0	0	0	0	0	0	0	0	0	0	0	0	0	0	0	0	0	0	0	0	0	0	0	0	1	0	0	0	0;...
0	0	0	0	0	0	0	0	0	0	0	0	0	0	0	0	0	0	0	0	0	0	0	0	0	0	0	0	0	0	0	0	0	0	0	0	0	0	0	0	0	0	0	0	0	0	1	0	0	0;...
0	0	0	0	0	0	0	0	0	0	0	0	0	0	0	0	0	0	0	0	0	0	0	0	0	0	0	0	0	0	0	0	0	0	0	0	0	0	0	0	0	0	0	0	0	0	0	1	0	0;...
0	0	0	0	0	0	0	0	0	0	0	0	0	0	0	0	0	0	0	0	0	0	0	0	0	0	0	0	0	0	0	0	0	0	0	0	0	0	0	0	0	0	0	0	0	0	0	0	1	0;...
0	0	0	0	0	0	0	0	0	0	0	0	0	0	0	0	0	0	0	0	0	0	0	0	0	0	0	0	0	0	0	0	0	0	0	0	0	0	0	0	0	0	0	0	0	0	0	0	0	1;...
0.08227848101265822	21.92336331415934	0.	0.	0.	0.	0.	0.	-5.781693467184209	0.3458979024623888	0.0025945637537743717	5.353517083709162	0.09343939852688596	0.	0.	0.	0.	0.	0.	0.	0.	0.	0.	0.	0.	0.	0.	0.	0.	-0.14565742043869107	2.300427382916741e-8	1.7255396645704755e-10	4.690621134498573e-6	8.186932266617138e-8	0.	0.	0.	0.	0.	0.	0.	0.	0.	0.	0.	0.	0.	0.	0.	0.;...
0.	-0.040994107309635076	0.	0.	0.	0.	0.	0.	5.465186858905743	-5.465186858905743	-0.040994107309635076	0.	0.	0.	0.	0.	0.	0.	0.	0.	0.	0.	0.	0.	0.	0.	0.	0.	0.	0.000012115584216694839	-0.6000003634675265	0.0059999972736473305	0.6	0.12	0.	0.	0.	0.	0.	0.	0.	0.	0.	0.	0.	0.	0.	0.	0.	0.;...
0.	4027.6757931825946	0.	0.	0.	0.	0.	0.	0.9460178609915787	-0.9460178609915787	-4029.388085510989	0.	0.	0.	0.	0.	0.	0.	0.	0.	0.	0.	0.	0.	0.	0.	0.	0.	0.	2.0971943615548856e-6	0.1384614755457076	-2.1168503095561477	-0.13846153846153844	1.8953846153846152	0.	0.	0.	0.	0.	0.	0.	0.	0.	0.	0.	0.	0.	0.	0.	0.;...
0.	2.6240924260361638	0.	0.	0.	0.	0.	0.	24.399683631520606	0.	0.	-44.4096744983079	-0.1014445981746293	20.009990866787298	0.32442342972622457	0.	0.	0.	0.	0.	0.	0.	0.	0.	0.	0.	0.	0.	0.	0.0007126135954334373	0.17307692307692307	-0.0017307692307692308	-0.17311405973765903	-0.03461550226087277	0.00001575825287294547	2.5548969400179017e-7	0.	0.	0.	0.	0.	0.	0.	0.	0.	0.	0.	0.	0.	0.;...
0.	1.0825566492050125	0.	0.	0.	0.	0.	0.	10.06597156857817	0.	0.	-2.3977814114003286	-40.15160817774084	-7.6681901571778415	-0.12432492184260208	0.	0.	0.	0.	0.	0.	0.	0.	0.	0.	0.	0.	0.	0.	0.00029398529502852453	0.8181818181818181	0.5599999999999999	-0.8181845988933562	-0.7381712390233873	-6.038847312779455e-6	-9.790826841688888e-8	0.	0.	0.	0.	0.	0.	0.	0.	0.	0.	0.	0.	0.	0.;...
0.	0.	0.	0.	0.	0.	0.	0.	0.	0.	0.	23.12265611273199	-0.37488929657313896	-41.86106415283553	-0.09523492683493125	18.738408040103543	0.27965436973745145	0.	0.	0.	0.	0.	0.	0.	0.	0.	0.	0.	0.	0.	0.	0.	0.00001820953665318143	-2.9523253529144e-7	-0.00003126497314038862	-1.0039155121881478e-7	0.000013055436487207184	1.9484098407204276e-7	0.	0.	0.	0.	0.	0.	0.	0.	0.	0.	0.	0.;...
0.	0.	0.	0.	0.	0.	0.	0.	0.	0.	0.	8.435009172881838	-0.13675741402686228	-2.142785853785953	-33.362153964153606	-6.292223319095885	-0.09390593602098395	0.	0.	0.	0.	0.	0.	0.	0.	0.	0.	0.	0.	0.	0.	0.	6.642732044046543e-6	-1.0769909525857778e-7	-2.2588099024233322e-6	-0.005273213628541105	-4.3839221416232115e-6	-6.542620807860918e-8	0.	0.	0.	0.	0.	0.	0.	0.	0.	0.	0.	0.;...
0.	0.	0.	0.	0.	0.	0.	0.	0.	0.	0.	0.	0.	19.38456004148642	-0.28929762386647745	-33.74540747067246	-0.09214101544282359	14.360847429186041	0.19715660842417304	0.	0.	0.	0.	0.	0.	0.	0.	0.	0.	0.	0.	0.	0.	0.	0.000013505623952283294	-2.0155963869532003e-7	-0.000021924471038657815	-8.597931890069112e-8	8.418847086374525e-6	1.1558031979491689e-7	0.	0.	0.	0.	0.	0.	0.	0.	0.	0.;...
0.	0.	0.	0.	0.	0.	0.	0.	0.	0.	0.	0.	0.	6.292223319092657	-0.09390593602098395	-2.004067085881413	-24.418460696574627	-4.288156233211244	-0.05887106199698863	0.	0.	0.	0.	0.	0.	0.	0.	0.	0.	0.	0.	0.	0.	0.	4.383922141620962e-6	-6.542620807860918e-8	-1.8700501860900318e-6	-0.0038621034466786593	-2.51387195553093e-6	-3.451234136488653e-8	0.	0.	0.	0.	0.	0.	0.	0.	0.	0.;...
0.	0.	0.	0.	0.	0.	0.	0.	0.	0.	0.	0.	0.	0.	0.	14.873734837371256	-0.20419791586720207	-22.35710043162041	-0.11404196248588105	7.483365594249155	0.09015595338167944	0.	0.	0.	0.	0.	0.	0.	0.	0.	0.	0.	0.	0.	0.	0.	8.719520196602186e-6	-1.1970818835861572e-7	-8.731933991809857e-6	-1.1955863298477915e-7	1.2413795207672486e-8	1.495553742413315e-10	0.	0.	0.	0.	0.	0.	0.	0.;...
0.	0.	0.	0.	0.	0.	0.	0.	0.	0.	0.	0.	0.	0.	0.	4.288156233225764	-0.05887106199698863	-2.394881212203502	-16.564664680419547	-1.8932750210222618	-0.02280925773092707	0.	0.	0.	0.	0.	0.	0.	0.	0.	0.	0.	0.	0.	0.	0.	2.513871955539442e-6	-3.451234136488653e-8	-2.5107312926803622e-6	-0.0016127268289030782	-3.1406628590795627e-9	-3.783718044302751e-11	0.	0.	0.	0.	0.	0.	0.	0.;...
0.	0.	0.	0.	0.	0.	0.	0.	0.	0.	0.	0.	0.	0.	0.	0.	0.	10.221182275072017	-0.12313983876567558	-80.3452012324811	1.8050234516436339	24.988704538181473	1.4166921271456943	45.13531441922761	0.10525333349001167	0.	0.	0.	0.	0.	0.	0.	0.	0.	0.	0.	0.	0.	1.69554276007234e-8	-2.0427075506208542e-10	-1.031654583208888e-6	3.144750465374433e-8	4.442825173990901e-7	2.5187842117467584e-8	5.704166382090746e-7	1.3301835474551343e-9	0.	0.	0.	0.;...
0.	0.	0.	0.	0.	0.	0.	0.	0.	0.	0.	0.	0.	0.	0.	0.	0.	3.1554583683587807	-0.03801542955154512	46.253725948368114	-3185.6634772753628	-36.30273575810841	3155.242494962555	-13.106448558618483	-0.03056359346911493	0.	0.	0.	0.	0.	0.	0.	0.	0.	0.	0.	0.	0.	5.2344380984466026e-9	-6.306196740504585e-11	8.058423067521983e-7	-0.0025333227364399877	-6.454384542601068e-7	0.002512463407963973	-1.6563829059053807e-7	-3.862603476362292e-10	0.	0.	0.	0.;...
