ssA = [...
0	0	1	0	0	0	0	0	0	0	0	0	0	0	0	0	0	0	0	0	0	0	0	0	0	0	0	0	0	0	0	0	0	0;...
0	0	0	1	0	0	0	0	0	0	0	0	0	0	0	0	0	0	0	0	0	0	0	0	0	0	0	0	0	0	0	0	0	0;...
0	0	0	0	0	0	0	0	0	0	0	0	0	0	0	0	0	0	0	0	0	0	0	0	0	0	0	0	0	0	0	0	0	0;...
0	0	0	0	0	0	0	0	0	0	0	0	0	0	0	0	0	0	0	0	0	0	0	0	0	0	0	0	0	0	0	0	0	0;...
0	0	0	0	0	0	0	0	0	0	0	0	0	0	0	0	0	0	0	1	0	0	0	0	0	0	0	0	0	0	0	0	0	0;...
0	0	0	0	0	0	0	0	0	0	0	0	0	0	0	0	0	0	0	0	1	0	0	0	0	0	0	0	0	0	0	0	0	0;...
0	0	0	0	0	0	0	0	0	0	0	0	0	0	0	0	0	0	0	0	0	1	0	0	0	0	0	0	0	0	0	0	0	0;...
0	0	0	0	0	0	0	0	0	0	0	0	0	0	0	0	0	0	0	0	0	0	1	0	0	0	0	0	0	0	0	0	0	0;...
0	0	0	0	0	0	0	0	0	0	0	0	0	0	0	0	0	0	0	0	0	0	0	1	0	0	0	0	0	0	0	0	0	0;...
0	0	0	0	0	0	0	0	0	0	0	0	0	0	0	0	0	0	0	0	0	0	0	0	1	0	0	0	0	0	0	0	0	0;...
0	0	0	0	0	0	0	0	0	0	0	0	0	0	0	0	0	0	0	0	0	0	0	0	0	1	0	0	0	0	0	0	0	0;...
0	0	0	0	0	0	0	0	0	0	0	0	0	0	0	0	0	0	0	0	0	0	0	0	0	0	1	0	0	0	0	0	0	0;...
0	0	0	0	0	0	0	0	0	0	0	0	0	0	0	0	0	0	0	0	0	0	0	0	0	0	0	1	0	0	0	0	0	0;...
0	0	0	0	0	0	0	0	0	0	0	0	0	0	0	0	0	0	0	0	0	0	0	0	0	0	0	0	1	0	0	0	0	0;...
0	0	0	0	0	0	0	0	0	0	0	0	0	0	0	0	0	0	0	0	0	0	0	0	0	0	0	0	0	1	0	0	0	0;...
0	0	0	0	0	0	0	0	0	0	0	0	0	0	0	0	0	0	0	0	0	0	0	0	0	0	0	0	0	0	1	0	0	0;...
0	0	0	0	0	0	0	0	0	0	0	0	0	0	0	0	0	0	0	0	0	0	0	0	0	0	0	0	0	0	0	1	0	0;...
0	0	0	0	0	0	0	0	0	0	0	0	0	0	0	0	0	0	0	0	0	0	0	0	0	0	0	0	0	0	0	0	1	0;...
0	0	0	0	0	0	0	0	0	0	0	0	0	0	0	0	0	0	0	0	0	0	0	0	0	0	0	0	0	0	0	0	0	1;...
0.08823529411764705	20.99151353565376	0.	0.	-7.184936825126662	0.9111473380235026	0.0068344729492565755	6.185554192985512	0.08270568976991512	0.	0.	0.	0.	0.	0.	0.	0.	0.	0.	-0.04687601321498457	1.142137377106097e-7	8.56711827211103e-10	6.459369763824767e-6	8.636681777065024e-8	0.	0.	0.	0.	0.	0.	0.	0.	0.	0.;...
0.	-0.07745736009157451	0.	0.	10.326336497599696	-10.326336497599696	-0.07745736009157451	0.	0.	0.	0.	0.	0.	0.	0.	0.	0.	0.	0.	0.000012944223607202434	-1.2000012944223606	0.011999990290599291	1.2	0.21599999999999997	0.	0.	0.	0.	0.	0.	0.	0.	0.	0.;...
0.	1897.8476394911308	0.	0.	1.7874775405747965	-1.7874775405747965	-1899.5725553177854	0.	0.	0.	0.	0.	0.	0.	0.	0.	0.	0.	0.	2.2406309327059615e-6	0.27692285285998364	-3.9396203470113815	-0.2769230769230769	3.796307692307692	0.	0.	0.	0.	0.	0.	0.	0.	0.	0.;...
0.	2.1150100782024364	0.	0.	18.946742573108775	0.	0.	-47.153748894689464	0.06612459469918734	28.207006321580696	0.31945733814146154	0.	0.	0.	0.	0.	0.	0.	0.	0.00019785456934238025	0.32432432432432434	-0.003243243243243243	-0.32439953719764253	-0.058378015184368526	0.00005542741638397549	6.277410192423065e-7	0.	0.	0.	0.	0.	0.	0.	0.;...
0.	0.7134105300500944	0.	0.	6.390894209493441	0.	0.	1.6681431844567716	-12.285630145793194	-8.059037393950211	-0.09127231030838308	0.	0.	0.	0.	0.	0.	0.	0.	0.0000667379955500479	1.4727272727272727	1.1216363636363635	-1.4727181103329332	-1.4033820063797793	-0.00001583619389437833	-1.7935218966926037e-7	0.	0.	0.	0.	0.	0.	0.	0.;...
0.	0.	0.	0.	0.	0.	0.	31.699683119322238	-0.3590135115255739	-43.38831294308134	-0.030253205452976464	3.3278739741690595	0.21598983705814725	8.360755849590035	0.010317241613980798	0.	0.	0.	0.	0.	0.	0.	0.000062290606647983	-7.054698100158417e-7	-0.000070265885231668	-5.977354241056714e-7	6.020657328412903e-7	3.9076022873478605e-8	7.373212850843713e-6	9.09860541582408e-9	0.	0.	0.	0.;...
0.	0.	0.	0.	0.	0.	0.	8.864941133425559	-0.10039954133922138	-0.7470272756476213	-365.765846521461	-6.418019622572938	356.94545669183407	-1.6998942352049988	-0.0020976834939729822	0.	0.	0.	0.	0.	0.	0.	0.000017419813283974004	-1.9728740863618642e-7	-0.000014759581959729288	-0.018039055665615648	-1.1611226018313932e-6	0.01706270360674784	-1.4991087224133242e-6	-1.8499125166443813e-9	0.	0.	0.	0.;...
0.	0.	0.	0.	0.	0.	0.	0.	0.	26.614907888961778	-2.078710808930506	-26.614907888961778	-1.7273940247962107	0.	0.	0.	0.	0.	0.	0.	0.	0.	0.	0.	4.815063354877266e-6	-3.7607209775915576e-7	-4.815063354877266e-6	-3.1251326147477584e-7	0.	0.	0.	0.	0.	0.;...
0.	0.	0.	0.	0.	0.	0.	0.	0.	85.33326482493281	5711.127307069345	-85.33326482493281	-5754.783542308184	0.	0.	0.	0.	0.	0.	0.	0.	0.	0.	0.	0.000015438155116853925	0.27300325770796546	-0.000015438155116853925	-0.27450723672240696	0.	0.	0.	0.	0.	0.;...
0.	0.	0.	0.	0.	0.	0.	0.	0.	46.919991776364064	-0.386339598910227	0.	0.	-77.89171921340757	-0.05724017956211904	20.33125448539985	0.0005571641036464384	10.640472951643645	0.00010231282360288746	0.	0.	0.	0.	0.	0.0000413779677998769	-3.4070652782121e-7	0.	0.	-0.00004578896342355844	-5.0945830830147045e-8	4.0760722720118526e-6	1.1170196878232235e-10	3.3492335166968973e-7	3.2204352152011773e-12;...
0.	0.	0.	0.	0.	0.	0.	0.	0.	6.793559694752555	-0.055938226505946195	0.	0.	-6.716181068621968	-559.1654902291252	-0.06537392149451544	539.8722967278055	-0.012004704636072129	15.311212746248666	0.	0.	0.	0.	0.	5.991128379472962e-6	-4.9331000443850175e-8	0.	0.	-5.977644150737253e-6	-0.009462241913627975	-1.3106364337125825e-8	0.008592334494414346	-3.7786439858360476e-10	0.00024368552116321121;...
0.	0.	0.	0.	0.	0.	0.	0.	0.	0.	0.	0.	0.	17.53209597957067	-0.0004804550820273061	-17.53209597957067	-0.0004804550820273061	0.	0.	0.	0.	0.	0.	0.	0.	0.	0.	0.	3.514888387428153e-6	-9.632310879808298e-11	-3.514888387428153e-6	-9.632310879808298e-11	0.	0.;...
0.	0.	0.	0.	0.	0.	0.	0.	0.	0.	0.	0.	0.	0.0544782679120962	449.89358060650454	-0.0544782679120962	-449.92406664522815	0.	0.	0.	0.	0.	0.	0.	0.	0.	0.	0.	1.0921970280938184e-8	0.007160278745345288	-1.0921970280938184e-8	-0.00716076389879798	0.	0.;...
0.	0.	0.	0.	0.	0.	0.	0.	0.	0.	0.	0.	0.	17.518458741714515	-0.0001684476796455397	0.	0.	-17.518458741714515	-0.0001684476796455397	0.	0.	0.	0.	0.	0.	0.	0.	0.	5.514173049005182e-7	-5.302119718198383e-12	0.	0.	-5.514173049005182e-7	-5.302119718198384e-12;...
0.	0.	0.	0.	0.	0.	0.	0.	0.	0.	0.	0.	0.	0.03530795481197685	45.032978665437255	0.	0.	-0.03530795481197685	-45.05275112013197	0.	0.	0.	0.	0.	0.	0.	0.	0.	1.1113658781870731e-9	0.0007167221210682683	0.	0.	-1.1113658781870731e-9	-0.0007170367986731449;...
];
ssB = [...
0	0	0	0	0	0	0	0	0	0	0	0	0	0	0	0	0;...
0	0	0	0	0	0	0	0	0	0	0	0	0	0	0	0	0;...
1	0	0	0	0	0	0	0	0	0	0	0	0	0	0	0	0;...
0	1	0	0	0	0	0	0	0	0	0	0	0	0	0	0	0;...
0	0	0	0	0	0	0	0	0	0	0	0	0	0	0	0	0;...
0	0	0	0	0	0	0	0	0	0	0	0	0	0	0	0	0;...
0	0	0	0	0	0	0	0	0	0	0	0	0	0	0	0	0;...
0	0	0	0	0	0	0	0	0	0	0	0	0	0	0	0	0;...
0	0	0	0	0	0	0	0	0	0	0	0	0	0	0	0	0;...
0	0	0	0	0	0	0	0	0	0	0	0	0	0	0	0	0;...
0	0	0	0	0	0	0	0	0	0	0	0	0	0	0	0	0;...
0	0	0	0	0	0	0	0	0	0	0	0	0	0	0	0	0;...
0	0	0	0	0	0	0	0	0	0	0	0	0	0	0	0	0;...
0	0	0	0	0	0	0	0	0	0	0	0	0	0	0	0	0;...
0	0	0	0	0	0	0	0	0	0	0	0	0	0	0	0	0;...
0	0	0	0	0	0	0	0	0	0	0	0	0	0	0	0	0;...
0	0	0	0	0	0	0	0	0	0	0	0	0	0	0	0	0;...
0	0	0	0	0	0	0	0	0	0	0	0	0	0	0	0	0;...
0	0	0	0	0	0	0	0	0	0	0	0	0	0	0	0	0;...
0.00022050000000000002	0.	0.0029411764705882353	0.	0.	0.	0.	0.	0.	0.	0.	0.	0.	0.	0.	0.	0.;...
0.	0.	0.	0.03333333333333333	0.	0.	0.	0.	0.	0.	0.	0.	0.	0.	0.	0.	0.;...
0.	0.	0.	0.	0.7692307692307692	0.	0.	0.	0.	0.	0.	0.	0.	0.	0.	0.	0.;...
0.	0.	0.	0.	0.	0.009009009009009009	0.	0.	0.	0.	0.	0.	0.	0.	0.	0.	0.;...
0.	0.	0.	0.	0.	0.	0.22727272727272727	0.	0.	0.	0.	0.	0.	0.	0.	0.	0.;...
0.	0.	0.	0.	0.	0.	0.	0.010124531740407007	0.	0.	0.	0.	0.	0.	0.	0.	0.;...
0.	0.	0.	0.	0.	0.	0.	0.	0.25	0.	0.	0.	0.	0.	0.	0.	0.;...
0.	0.	0.	0.	0.	0.	0.	0.	0.	0.08097165991902834	0.	0.	0.	0.	0.	0.	0.;...
0.	0.	0.	0.	0.	0.	0.	0.	0.	0.	4.	0.	0.	0.	0.	0.	0.;...
0.	0.	0.	0.	0.	0.	0.	0.	0.	0.	0.	0.056818181818181816	0.	0.	0.	0.	0.;...
0.	0.	0.	0.	0.	0.	0.	0.	0.	0.	0.	0.	6.666666666666667	0.	0.	0.	0.;...
0.	0.	0.	0.	0.	0.	0.	0.	0.	0.	0.	0.	0.	0.04899559039686428	0.	0.	0.;...
0.	0.	0.	0.	0.	0.	0.	0.	0.	0.	0.	0.	0.	0.	5.555555555555555	0.	0.;...
0.	0.	0.	0.	0.	0.	0.	0.	0.	0.	0.	0.	0.	0.	0.	0.09354536950420955	0.;...
0.	0.	0.	0.	0.	0.	0.	0.	0.	0.	0.	0.	0.	0.	0.	0.	19.607843137254903;...
];
